url_path,views_total,views_unique
/MPAS-Dev/MPAS-Model,269,137
/MPAS-Dev/MPAS-Model/tree/master/src,114,29
/MPAS-Dev/MPAS-Model/tree/master/src/core_atmosphere,73,15
/MPAS-Dev/MPAS-Model/tree/master/src/core_atmosphere/physics,72,6
/MPAS-Dev/MPAS-Model/releases,52,38
/MPAS-Dev/MPAS-Model/releases/tag/v8.2.1,51,37
/MPAS-Dev/MPAS-Model/commits/v8.2.0,45,1
/MPAS-Dev/MPAS-Model/tree/master/src/core_atmosphere/physics/physics_wrf,36,5
/MPAS-Dev/MPAS-Model/pulls,29,8
/MPAS-Dev/MPAS-Model/commits/master,27,4
