referrer,views_total,views_unique
Google,321,61
mpas-dev.github.io,189,52
github.com,110,19
Bing,21,5
cn.bing.com,13,5
wiki.ucar.edu,11,1
www2.mmm.ucar.edu,7,5
forum.mmm.ucar.edu,4,2
web.skype.com,4,1
Baidu,3,1
